image: borg_lab_simulation.pgm
resolution: 0.050000
origin: [-45.000000, -29.000000, 0.000000]
negate: 0
occupied_thresh: 0.65
free_thresh: 0.196

